233.146000 286.544000 3.000000 0 1
231.004000 289.402000 3.000000 1 1
230.619000 286.642000 3.000000 3 1
228.616000 285.434000 3.000000 4 1
231.759000 284.766000 3.000000 5 1
228.590000 285.113000 3.000000 7 1
224.411000 282.767000 3.000000 8 1
226.145000 285.631000 3.000000 9 1
224.445000 287.780000 3.000000 10 1
223.587000 290.770000 3.000000 12 1
380.180000 321.544000 3.000000 0 2
381.540000 323.874000 3.000000 2 2
379.424000 323.273000 3.000000 3 2
380.280000 325.054000 3.000000 4 2
380.357000 325.292000 3.000000 5 2
380.312000 325.270000 3.000000 6 2
379.001000 324.710000 3.000000 7 2
378.537000 323.947000 3.000000 8 2
378.151000 322.601000 3.000000 9 2
379.643000 322.904000 3.000000 10 2
380.837000 322.909000 3.000000 11 2
381.203000 323.832000 3.000000 12 2
382.909000 324.559000 3.000000 13 2
382.106000 324.786000 3.000000 14 2
382.207000 325.194000 3.000000 15 2
377.009000 459.589000 3.000000 0 3
373.576000 461.611000 3.000000 1 3
372.049000 457.944000 3.000000 2 3
370.026000 458.564000 3.000000 3 3
370.175000 457.521000 3.000000 4 3
369.075000 457.326000 3.000000 5 3
368.912000 457.933000 3.000000 6 3
370.625000 460.749000 3.000000 8 3
369.093000 463.807000 3.000000 9 3
367.660000 462.391000 3.000000 10 3
364.898000 462.052000 3.000000 0 4
364.308000 461.039000 3.000000 1 4
363.430000 461.523000 3.000000 2 4
364.348000 460.563000 3.000000 3 4
363.922000 460.629000 3.000000 4 4
364.021000 460.442000 3.000000 5 4
362.797000 462.020000 3.000000 6 4
361.790000 463.145000 3.000000 7 4
362.556000 463.709000 3.000000 8 4
358.433000 461.807000 3.000000 10 4
480.178000 497.607000 3.000000 0 5
481.729000 495.554000 3.000000 2 5
482.283000 497.020000 3.000000 3 5
483.184000 497.276000 3.000000 4 5
483.200000 497.705000 3.000000 5 5
483.178000 498.211000 3.000000 6 5
482.512000 497.464000 3.000000 7 5
483.043000 496.477000 3.000000 8 5
482.827000 496.421000 3.000000 9 5
483.230000 496.008000 3.000000 11 5
483.713000 495.848000 3.000000 13 5
483.588000 495.877000 3.000000 14 5
483.550000 496.509000 3.000000 15 5
483.758000 496.979000 3.000000 16 5
338.756000 533.667000 3.000000 0 6
338.688000 533.169000 3.000000 1 6
339.807000 532.452000 3.000000 2 6
339.119000 531.886000 3.000000 3 6
338.980000 531.818000 3.000000 4 6
339.115000 531.593000 3.000000 5 6
339.489000 532.095000 3.000000 6 6
339.472000 532.954000 3.000000 7 6
339.303000 529.334000 3.000000 8 6
339.096000 531.095000 3.000000 9 6
339.402000 531.033000 3.000000 10 6
339.921000 530.824000 3.000000 11 6
339.491000 530.330000 3.000000 12 6
339.844000 530.152000 3.000000 13 6
339.658000 529.732000 3.000000 14 6
339.451000 529.324000 3.000000 15 6
490.414000 550.861000 3.000000 0 7
490.389000 550.451000 3.000000 1 7
490.174000 550.095000 3.000000 2 7
490.360000 550.209000 3.000000 3 7
490.441000 549.418000 3.000000 4 7
490.431000 547.415000 3.000000 5 7
486.384000 545.444000 3.000000 6 7
485.458000 547.027000 3.000000 7 7
489.357000 548.976000 3.000000 8 7
489.767000 547.110000 3.000000 9 7
491.069000 546.860000 3.000000 10 7
489.173000 545.904000 3.000000 11 7
486.943000 542.995000 3.000000 13 7
441.242000 582.817000 3.000000 0 8
441.260000 581.725000 3.000000 2 8
441.066000 581.709000 3.000000 3 8
441.443000 581.460000 3.000000 4 8
440.904000 580.116000 3.000000 5 8
441.662000 581.079000 3.000000 6 8
441.042000 582.182000 3.000000 7 8
441.454000 580.894000 3.000000 8 8
441.359000 580.842000 3.000000 9 8
441.661000 580.166000 3.000000 10 8
441.805000 579.697000 3.000000 12 8
442.081000 579.772000 3.000000 13 8
441.594000 579.867000 3.000000 15 8
441.432000 579.774000 3.000000 16 8
409.546000 642.512000 3.000000 0 9
410.411000 640.498000 3.000000 1 9
410.334000 638.718000 3.000000 2 9
410.885000 638.347000 3.000000 3 9
409.951000 639.105000 3.000000 4 9
410.314000 639.619000 3.000000 5 9
410.467000 638.144000 3.000000 6 9
410.628000 639.664000 3.000000 7 9
410.682000 637.994000 3.000000 8 9
410.822000 638.249000 3.000000 9 9
410.981000 639.038000 3.000000 10 9
412.445000 639.815000 3.000000 11 9
412.763000 639.776000 3.000000 12 9
412.061000 639.722000 3.000000 13 9
410.930000 638.103000 3.000000 14 9
412.109000 637.501000 3.000000 16 9
417.434000 659.777000 3.000000 0 10
416.999000 659.048000 3.000000 1 10
418.423000 658.922000 3.000000 3 10
417.346000 660.802000 3.000000 4 10
416.897000 659.059000 3.000000 5 10
417.658000 659.194000 3.000000 6 10
418.112000 657.793000 3.000000 7 10
418.247000 656.901000 3.000000 8 10
417.912000 657.156000 3.000000 9 10
418.505000 656.024000 3.000000 10 10
418.221000 655.881000 3.000000 11 10
418.573000 655.815000 3.000000 12 10
418.124000 655.028000 3.000000 13 10
418.178000 654.497000 3.000000 14 10
418.171000 653.582000 3.000000 15 10
447.051000 670.829000 3.000000 0 11
446.918000 671.067000 3.000000 1 11
446.935000 671.340000 3.000000 2 11
447.213000 672.954000 3.000000 3 11
447.197000 672.000000 3.000000 4 11
447.735000 670.999000 3.000000 5 11
447.160000 670.882000 3.000000 6 11
447.003000 669.752000 3.000000 7 11
446.490000 670.209000 3.000000 8 11
446.454000 668.620000 3.000000 9 11
447.971000 668.604000 3.000000 11 11
447.813000 669.574000 3.000000 12 11
537.191000 310.078000 3.000000 1 12
536.845000 314.014000 3.000000 2 12
535.188000 313.700000 3.000000 4 12
533.666000 315.317000 3.000000 6 12
531.880000 310.912000 3.000000 8 12
531.430000 311.502000 3.000000 9 12
532.012000 311.583000 3.000000 10 12
532.031000 313.533000 3.000000 11 12
532.362000 313.449000 3.000000 12 12
532.085000 316.336000 3.000000 13 12
530.897000 317.352000 3.000000 14 12
381.099000 469.931000 3.000000 1 13
379.734000 469.992000 3.000000 3 13
377.049000 468.881000 3.000000 4 13
377.079000 470.634000 3.000000 5 13
379.463000 471.738000 3.000000 6 13
379.459000 471.242000 3.000000 7 13
378.717000 471.987000 3.000000 8 13
377.725000 474.252000 3.000000 9 13
376.662000 474.224000 3.000000 10 13
374.841000 471.864000 3.000000 11 13
482.242000 608.969000 3.000000 1 14
480.711000 609.100000 3.000000 2 14
481.150000 608.385000 3.000000 3 14
481.459000 608.150000 3.000000 4 14
481.439000 607.902000 3.000000 5 14
482.405000 607.874000 3.000000 6 14
482.160000 607.389000 3.000000 7 14
482.052000 607.478000 3.000000 8 14
482.266000 607.198000 3.000000 9 14
482.453000 606.075000 3.000000 10 14
553.179000 578.562000 3.000000 2 15
548.677000 578.982000 3.000000 3 15
548.080000 578.895000 3.000000 4 15
549.312000 577.794000 3.000000 5 15
548.829000 577.191000 3.000000 6 15
546.891000 577.153000 3.000000 7 15
547.255000 577.376000 3.000000 8 15
547.377000 577.291000 3.000000 9 15
547.508000 576.541000 3.000000 10 15
548.491000 576.591000 3.000000 11 15
548.475000 577.138000 3.000000 12 15
384.146000 623.401000 3.000000 2 16
384.894000 623.229000 3.000000 3 16
384.361000 620.890000 3.000000 5 16
387.147000 619.538000 3.000000 6 16
384.276000 616.112000 3.000000 7 16
384.019000 616.040000 3.000000 8 16
384.744000 618.237000 3.000000 9 16
384.802000 619.866000 3.000000 10 16
383.559000 617.315000 3.000000 11 16
383.013000 619.168000 3.000000 12 16
385.636000 618.420000 3.000000 13 16
384.952000 619.521000 3.000000 14 16
386.823000 620.316000 3.000000 15 16
299.430000 471.209000 3.000000 3 17
298.956000 471.195000 3.000000 4 17
299.862000 470.764000 3.000000 5 17
298.566000 470.820000 3.000000 6 17
298.203000 469.577000 3.000000 7 17
298.392000 468.977000 3.000000 9 17
299.285000 467.755000 3.000000 10 17
302.316000 466.347000 3.000000 11 17
299.938000 466.722000 3.000000 12 17
300.916000 466.261000 3.000000 13 17
301.593000 466.328000 3.000000 14 17
302.927000 466.427000 3.000000 15 17
419.392000 493.639000 3.000000 3 18
421.088000 489.457000 3.000000 4 18
424.586000 490.609000 3.000000 5 18
425.402000 492.341000 3.000000 6 18
425.707000 493.147000 3.000000 7 18
426.258000 493.689000 3.000000 8 18
426.808000 493.331000 3.000000 9 18
426.181000 495.572000 3.000000 10 18
426.288000 496.179000 3.000000 11 18
426.524000 497.521000 3.000000 12 18
315.504000 350.183000 3.000000 4 19
315.411000 349.722000 3.000000 5 19
315.386000 349.068000 3.000000 6 19
315.277000 348.875000 3.000000 7 19
315.545000 348.887000 3.000000 8 19
315.833000 348.574000 3.000000 9 19
315.684000 348.220000 3.000000 10 19
315.335000 347.792000 3.000000 11 19
315.315000 348.231000 3.000000 12 19
315.770000 348.091000 3.000000 13 19
316.052000 348.052000 3.000000 14 19
315.527000 347.659000 3.000000 16 19
316.596000 349.794000 3.000000 17 19
466.683000 478.667000 3.000000 5 20
466.355000 478.988000 3.000000 6 20
466.879000 478.878000 3.000000 7 20
466.775000 478.948000 3.000000 8 20
467.349000 478.633000 3.000000 10 20
467.534000 479.025000 3.000000 11 20
466.495000 481.250000 3.000000 12 20
467.493000 480.418000 3.000000 13 20
467.269000 479.266000 3.000000 14 20
467.605000 482.036000 3.000000 15 20
385.398000 428.238000 3.000000 7 21
383.360000 430.987000 3.000000 9 21
386.460000 432.685000 3.000000 10 21
383.753000 436.730000 3.000000 11 21
382.315000 437.350000 3.000000 12 21
383.240000 440.157000 3.000000 13 21
385.207000 443.312000 3.000000 14 21
385.575000 443.500000 3.000000 15 21
386.393000 448.222000 3.000000 16 21
386.637000 451.328000 3.000000 17 21
532.278000 595.764000 3.000000 7 22
534.069000 592.576000 3.000000 9 22
532.435000 591.660000 3.000000 10 22
528.922000 590.864000 3.000000 11 22
530.478000 589.743000 3.000000 12 22
530.274000 589.177000 3.000000 13 22
530.275000 589.711000 3.000000 14 22
530.225000 586.653000 3.000000 15 22
530.151000 585.944000 3.000000 16 22
529.763000 586.233000 3.000000 17 22
502.386000 658.889000 3.000000 7 23
504.622000 659.162000 3.000000 8 23
505.798000 655.824000 3.000000 9 23
504.443000 655.669000 3.000000 10 23
503.966000 656.646000 3.000000 11 23
506.469000 655.572000 3.000000 12 23
508.084000 655.073000 3.000000 14 23
507.703000 655.852000 3.000000 15 23
508.030000 656.286000 3.000000 16 23
507.786000 654.339000 3.000000 17 23
721.087000 55.687000 3.000000 0 24
721.243000 55.029100 3.000000 1 24
720.975000 54.757600 3.000000 2 24
721.210000 54.505400 3.000000 3 24
721.318000 54.100000 3.000000 4 24
721.597000 53.777700 3.000000 5 24
721.450000 53.820400 3.000000 6 24
721.156000 53.740700 3.000000 7 24
721.133000 53.124900 3.000000 8 24
721.118000 52.951900 3.000000 9 24
721.206000 52.154900 3.000000 10 24
721.681000 51.889400 3.000000 11 24
721.359000 52.261300 3.000000 12 24
720.925000 52.077700 3.000000 14 24
720.956000 51.815200 3.000000 15 24
721.374000 51.972600 3.000000 16 24
721.015000 52.022500 3.000000 17 24
721.323000 51.252700 3.000000 19 24
720.873000 51.410700 3.000000 20 24
721.110000 51.458500 3.000000 21 24
720.729000 51.420900 3.000000 22 24
721.003000 51.869400 3.000000 23 24
733.740000 128.572000 3.000000 0 25
733.895000 128.274000 3.000000 1 25
733.764000 128.004000 3.000000 2 25
733.860000 127.732000 3.000000 3 25
733.963000 127.276000 3.000000 4 25
734.164000 127.325000 3.000000 5 25
733.967000 127.071000 3.000000 6 25
733.954000 127.232000 3.000000 7 25
734.289000 126.841000 3.000000 8 25
733.935000 126.647000 3.000000 9 25
734.279000 126.402000 3.000000 10 25
734.439000 125.783000 3.000000 11 25
734.471000 126.153000 3.000000 12 25
734.563000 126.099000 3.000000 13 25
734.476000 126.153000 3.000000 14 25
734.460000 125.924000 3.000000 15 25
734.508000 125.673000 3.000000 16 25
734.068000 125.611000 3.000000 17 25
734.342000 125.430000 3.000000 18 25
734.555000 125.583000 3.000000 19 25
734.393000 125.382000 3.000000 20 25
734.145000 124.813000 3.000000 21 25
121.094000 389.514000 3.000000 0 26
119.863000 388.658000 3.000000 1 26
119.321000 386.121000 3.000000 2 26
118.721000 385.442000 3.000000 3 26
120.100000 385.508000 3.000000 4 26
121.404000 385.264000 3.000000 5 26
120.437000 385.787000 3.000000 6 26
120.545000 384.671000 3.000000 7 26
119.397000 386.466000 3.000000 8 26
119.437000 385.198000 3.000000 9 26
120.099000 385.412000 3.000000 10 26
120.250000 385.225000 3.000000 11 26
121.488000 384.198000 3.000000 12 26
121.116000 384.574000 3.000000 13 26
122.778000 384.209000 3.000000 14 26
123.704000 385.359000 3.000000 15 26
122.072000 385.162000 3.000000 16 26
122.769000 385.388000 3.000000 17 26
125.740000 385.208000 3.000000 18 26
125.053000 386.434000 3.000000 19 26
122.493000 385.344000 3.000000 20 26
124.745000 386.082000 3.000000 21 26
124.444000 387.536000 3.000000 22 26
551.340000 557.252000 3.000000 0 27
554.112000 556.343000 3.000000 1 27
557.655000 559.112000 3.000000 2 27
558.734000 560.452000 3.000000 4 27
558.271000 560.113000 3.000000 5 27
556.537000 558.894000 3.000000 6 27
554.488000 559.945000 3.000000 8 27
556.083000 556.062000 3.000000 9 27
556.377000 557.695000 3.000000 10 27
555.855000 558.938000 3.000000 11 27
556.445000 555.706000 3.000000 12 27
556.192000 557.116000 3.000000 13 27
555.714000 556.759000 3.000000 14 27
556.853000 555.238000 3.000000 15 27
557.017000 557.439000 3.000000 16 27
557.337000 555.639000 3.000000 17 27
557.944000 556.697000 3.000000 18 27
556.016000 555.196000 3.000000 19 27
557.305000 555.650000 3.000000 20 27
556.499000 552.457000 3.000000 21 27
556.727000 554.556000 3.000000 22 27
556.345000 554.584000 3.000000 23 27
496.598000 571.761000 3.000000 0 28
495.601000 571.701000 3.000000 1 28
495.850000 571.874000 3.000000 2 28
495.922000 572.414000 3.000000 4 28
495.952000 572.621000 3.000000 5 28
496.725000 571.174000 3.000000 6 28
496.478000 570.753000 3.000000 7 28
495.710000 570.668000 3.000000 8 28
495.802000 571.056000 3.000000 9 28
497.249000 570.848000 3.000000 10 28
498.326000 570.446000 3.000000 11 28
498.129000 570.887000 3.000000 12 28
498.641000 570.230000 3.000000 13 28
498.264000 571.229000 3.000000 14 28
497.978000 570.892000 3.000000 16 28
498.653000 571.287000 3.000000 17 28
498.800000 571.307000 3.000000 18 28
500.223000 571.505000 3.000000 19 28
500.311000 572.380000 3.000000 20 28
500.989000 570.634000 3.000000 21 28
501.241000 570.065000 3.000000 22 28
500.702000 569.086000 3.000000 23 28
501.195000 568.529000 3.000000 24 28
501.428000 568.542000 3.000000 25 28
501.404000 568.839000 3.000000 26 28
372.400000 572.532000 3.000000 0 29
372.372000 572.030000 3.000000 1 29
372.367000 571.463000 3.000000 2 29
372.238000 571.466000 3.000000 3 29
372.377000 571.320000 3.000000 4 29
370.917000 572.113000 3.000000 5 29
371.921000 570.249000 3.000000 6 29
372.179000 570.878000 3.000000 7 29
372.098000 570.213000 3.000000 8 29
372.480000 570.218000 3.000000 9 29
372.361000 570.089000 3.000000 10 29
371.836000 569.306000 3.000000 11 29
372.428000 569.616000 3.000000 12 29
372.737000 569.617000 3.000000 13 29
372.940000 569.463000 3.000000 15 29
372.355000 568.957000 3.000000 16 29
372.820000 569.318000 3.000000 17 29
372.881000 569.333000 3.000000 18 29
372.985000 568.683000 3.000000 19 29
373.290000 569.196000 3.000000 20 29
373.131000 568.607000 3.000000 21 29
373.043000 568.520000 3.000000 22 29
373.017000 568.441000 3.000000 23 29
373.148000 567.712000 3.000000 24 29
373.300000 568.071000 3.000000 25 29
373.291000 568.441000 3.000000 26 29
373.361000 567.947000 3.000000 27 29
535.525000 594.517000 3.000000 0 30
536.143000 590.192000 3.000000 1 30
536.771000 590.002000 3.000000 2 30
537.124000 590.209000 3.000000 3 30
536.380000 589.966000 3.000000 4 30
536.637000 589.484000 3.000000 5 30
537.173000 589.866000 3.000000 6 30
537.091000 587.942000 3.000000 7 30
537.698000 586.540000 3.000000 8 30
537.052000 585.918000 3.000000 9 30
537.558000 584.843000 3.000000 10 30
537.576000 585.339000 3.000000 11 30
536.237000 584.047000 3.000000 13 30
536.174000 583.322000 3.000000 14 30
535.650000 583.968000 3.000000 15 30
535.786000 584.072000 3.000000 16 30
539.543000 584.620000 3.000000 18 30
534.911000 583.231000 3.000000 19 30
534.282000 583.089000 3.000000 20 30
533.850000 582.250000 3.000000 21 30
532.140000 580.939000 3.000000 22 30
531.777000 580.929000 3.000000 23 30
530.227000 579.698000 3.000000 25 30
531.778000 579.951000 3.000000 26 30
530.356000 579.341000 3.000000 27 30
388.568000 630.618000 3.000000 0 31
389.169000 629.854000 3.000000 1 31
388.742000 629.590000 3.000000 3 31
389.851000 633.318000 3.000000 4 31
389.812000 633.213000 3.000000 5 31
389.943000 632.621000 3.000000 6 31
388.640000 633.174000 3.000000 7 31
390.526000 633.112000 3.000000 8 31
389.673000 632.084000 3.000000 10 31
389.139000 630.607000 3.000000 11 31
388.741000 633.033000 3.000000 12 31
384.884000 632.436000 3.000000 13 31
388.964000 633.041000 3.000000 14 31
388.954000 633.040000 3.000000 15 31
389.486000 632.659000 3.000000 16 31
389.778000 632.493000 3.000000 17 31
389.890000 632.823000 3.000000 18 31
392.072000 630.428000 3.000000 19 31
394.118000 630.311000 3.000000 20 31
394.480000 628.961000 3.000000 21 31
390.368000 627.932000 3.000000 23 31
483.847000 635.573000 3.000000 0 32
484.858000 634.151000 3.000000 1 32
482.446000 631.325000 3.000000 2 32
482.773000 631.565000 3.000000 3 32
482.496000 631.234000 3.000000 4 32
481.652000 632.128000 3.000000 5 32
481.725000 632.242000 3.000000 6 32
482.319000 634.020000 3.000000 7 32
480.962000 636.015000 3.000000 8 32
481.048000 632.374000 3.000000 10 32
483.042000 632.182000 3.000000 11 32
483.085000 630.060000 3.000000 12 32
482.676000 632.340000 3.000000 13 32
482.558000 630.549000 3.000000 14 32
481.443000 629.714000 3.000000 15 32
482.375000 630.982000 3.000000 16 32
482.208000 629.858000 3.000000 18 32
479.461000 627.919000 3.000000 20 32
482.634000 629.130000 3.000000 22 32
462.274000 669.594000 3.000000 0 33
462.325000 669.186000 3.000000 1 33
462.677000 668.643000 3.000000 2 33
462.932000 668.767000 3.000000 3 33
463.132000 668.360000 3.000000 4 33
461.386000 667.133000 3.000000 5 33
462.009000 666.736000 3.000000 6 33
462.574000 666.911000 3.000000 7 33
462.879000 666.608000 3.000000 8 33
462.068000 665.151000 3.000000 9 33
462.833000 663.671000 3.000000 10 33
462.444000 664.585000 3.000000 11 33
462.900000 665.603000 3.000000 12 33
463.114000 663.846000 3.000000 14 33
463.219000 663.127000 3.000000 15 33
463.121000 664.393000 3.000000 16 33
463.678000 663.799000 3.000000 17 33
463.433000 662.927000 3.000000 18 33
462.197000 662.352000 3.000000 20 33
460.478000 662.966000 3.000000 22 33
460.930000 662.198000 3.000000 23 33
432.723000 671.559000 3.000000 0 34
433.540000 669.068000 3.000000 1 34
435.443000 666.474000 3.000000 2 34
434.675000 665.077000 3.000000 3 34
434.620000 664.533000 3.000000 4 34
434.468000 663.592000 3.000000 5 34
433.949000 664.186000 3.000000 6 34
433.824000 663.769000 3.000000 7 34
433.771000 663.947000 3.000000 8 34
433.842000 662.929000 3.000000 9 34
433.773000 660.793000 3.000000 10 34
434.252000 660.255000 3.000000 11 34
434.101000 659.922000 3.000000 12 34
433.865000 659.641000 3.000000 13 34
434.100000 657.909000 3.000000 15 34
436.165000 654.564000 3.000000 16 34
433.940000 658.360000 3.000000 17 34
435.190000 655.827000 3.000000 19 34
116.860000 951.024000 3.000000 0 35
116.761000 950.724000 3.000000 1 35
116.988000 950.234000 3.000000 2 35
116.964000 950.087000 3.000000 3 35
117.122000 949.572000 3.000000 4 35
117.102000 949.516000 3.000000 5 35
116.842000 949.356000 3.000000 6 35
117.098000 949.372000 3.000000 7 35
117.309000 949.196000 3.000000 8 35
117.169000 948.748000 3.000000 9 35
117.264000 948.407000 3.000000 10 35
117.738000 948.157000 3.000000 11 35
117.297000 948.132000 3.000000 12 35
117.598000 948.133000 3.000000 13 35
117.506000 948.046000 3.000000 14 35
117.326000 948.047000 3.000000 15 35
117.385000 947.899000 3.000000 16 35
117.676000 947.760000 3.000000 17 35
117.545000 947.605000 3.000000 18 35
316.445000 492.088000 3.000000 1 36
312.487000 490.266000 3.000000 2 36
312.130000 490.799000 3.000000 3 36
311.284000 488.904000 3.000000 4 36
310.124000 488.734000 3.000000 5 36
310.415000 489.469000 3.000000 6 36
310.352000 489.116000 3.000000 7 36
310.644000 488.844000 3.000000 8 36
311.554000 488.216000 3.000000 9 36
313.089000 488.153000 3.000000 10 36
313.919000 488.868000 3.000000 11 36
318.150000 489.821000 3.000000 12 36
314.926000 488.917000 3.000000 13 36
315.047000 488.968000 3.000000 14 36
316.239000 488.539000 3.000000 15 36
315.641000 488.627000 3.000000 16 36
316.476000 488.001000 3.000000 17 36
318.133000 489.656000 3.000000 18 36
461.706000 620.348000 3.000000 1 37
461.701000 619.254000 3.000000 2 37
462.267000 619.076000 3.000000 3 37
462.452000 618.243000 3.000000 4 37
462.427000 618.387000 3.000000 5 37
462.090000 617.984000 3.000000 6 37
461.977000 616.507000 3.000000 7 37
462.539000 614.776000 3.000000 8 37
462.690000 614.677000 3.000000 9 37
461.998000 614.286000 3.000000 10 37
461.754000 613.692000 3.000000 11 37
460.824000 614.616000 3.000000 12 37
461.754000 615.779000 3.000000 13 37
464.572000 613.966000 3.000000 14 37
462.303000 615.181000 3.000000 16 37
465.728000 614.806000 3.000000 18 37
466.174000 614.082000 3.000000 19 37
465.983000 612.452000 3.000000 20 37
465.290000 611.656000 3.000000 21 37
464.967000 611.171000 3.000000 22 37
465.240000 612.583000 3.000000 23 37
464.994000 612.433000 3.000000 24 37
452.385000 632.199000 3.000000 1 38
453.810000 632.763000 3.000000 2 38
453.388000 628.589000 3.000000 3 38
453.757000 627.335000 3.000000 4 38
452.552000 626.223000 3.000000 5 38
453.834000 625.544000 3.000000 6 38
453.826000 625.377000 3.000000 7 38
453.598000 624.938000 3.000000 8 38
453.435000 624.349000 3.000000 9 38
453.981000 623.885000 3.000000 10 38
454.301000 622.565000 3.000000 11 38
454.292000 622.210000 3.000000 12 38
454.630000 622.508000 3.000000 13 38
454.477000 622.426000 3.000000 14 38
454.542000 621.767000 3.000000 15 38
453.619000 621.298000 3.000000 16 38
454.858000 621.619000 3.000000 17 38
454.998000 620.897000 3.000000 18 38
478.440000 662.636000 3.000000 1 39
479.358000 660.560000 3.000000 3 39
479.295000 660.590000 3.000000 4 39
479.334000 659.720000 3.000000 5 39
479.583000 659.906000 3.000000 6 39
478.117000 660.950000 3.000000 7 39
479.767000 661.666000 3.000000 8 39
477.602000 661.086000 3.000000 9 39
477.562000 661.106000 3.000000 10 39
478.057000 660.065000 3.000000 11 39
478.310000 660.184000 3.000000 12 39
478.173000 660.416000 3.000000 13 39
478.261000 659.236000 3.000000 14 39
479.023000 657.569000 3.000000 16 39
479.211000 656.671000 3.000000 17 39
479.490000 656.052000 3.000000 18 39
479.514000 655.503000 3.000000 19 39
480.298000 655.467000 3.000000 20 39
503.445000 520.160000 3.000000 2 40
503.006000 520.943000 3.000000 3 40
502.127000 519.477000 3.000000 4 40
501.890000 518.486000 3.000000 5 40
501.826000 518.228000 3.000000 6 40
501.493000 518.520000 3.000000 7 40
501.934000 518.926000 3.000000 8 40
503.741000 519.185000 3.000000 9 40
504.192000 517.563000 3.000000 10 40
504.542000 517.268000 3.000000 11 40
504.534000 519.564000 3.000000 12 40
504.683000 519.403000 3.000000 13 40
504.507000 519.441000 3.000000 14 40
504.060000 520.172000 3.000000 15 40
501.687000 519.536000 3.000000 16 40
501.783000 517.957000 3.000000 17 40
501.631000 517.377000 3.000000 19 40
502.935000 514.163000 3.000000 20 40
415.484000 600.482000 3.000000 2 41
418.009000 600.072000 3.000000 4 41
416.501000 600.354000 3.000000 5 41
416.389000 600.657000 3.000000 6 41
416.265000 601.011000 3.000000 7 41
416.301000 600.503000 3.000000 8 41
417.101000 600.542000 3.000000 9 41
416.454000 599.624000 3.000000 10 41
417.053000 599.894000 3.000000 11 41
417.238000 600.675000 3.000000 12 41
418.538000 601.043000 3.000000 14 41
417.769000 600.438000 3.000000 15 41
418.428000 599.424000 3.000000 16 41
416.936000 599.508000 3.000000 17 41
417.443000 599.275000 3.000000 18 41
417.818000 598.603000 3.000000 20 41
538.778000 651.618000 3.000000 4 42
541.092000 655.204000 3.000000 6 42
538.707000 651.050000 3.000000 7 42
539.319000 651.214000 3.000000 8 42
539.657000 648.287000 3.000000 10 42
538.925000 647.420000 3.000000 11 42
539.200000 646.747000 3.000000 12 42
538.634000 645.247000 3.000000 13 42
537.190000 645.091000 3.000000 14 42
538.363000 647.770000 3.000000 15 42
537.347000 646.193000 3.000000 16 42
538.368000 646.766000 3.000000 17 42
536.823000 644.233000 3.000000 19 42
524.019000 537.984000 3.000000 7 43
524.735000 538.039000 3.000000 8 43
524.177000 537.477000 3.000000 9 43
523.928000 538.887000 3.000000 10 43
523.260000 538.349000 3.000000 11 43
524.081000 538.668000 3.000000 12 43
524.244000 538.834000 3.000000 13 43
524.097000 539.180000 3.000000 14 43
525.497000 539.303000 3.000000 15 43
526.521000 538.395000 3.000000 16 43
526.832000 537.943000 3.000000 17 43
527.289000 537.522000 3.000000 19 43
527.172000 537.803000 3.000000 20 43
378.853000 509.192000 3.000000 8 44
378.343000 513.170000 3.000000 10 44
378.122000 508.942000 3.000000 12 44
377.014000 506.295000 3.000000 13 44
376.049000 503.367000 3.000000 14 44
375.877000 504.517000 3.000000 15 44
376.865000 504.604000 3.000000 17 44
373.489000 504.637000 3.000000 18 44
374.639000 503.202000 3.000000 19 44
374.635000 502.689000 3.000000 20 44
374.597000 503.209000 3.000000 21 44
374.583000 503.843000 3.000000 22 44
374.678000 503.561000 3.000000 23 44
222.438000 277.469000 3.000000 9 45
226.268000 275.340000 3.000000 10 45
228.574000 274.983000 3.000000 12 45
225.752000 275.966000 3.000000 13 45
230.556000 276.504000 3.000000 15 45
227.878000 277.627000 3.000000 16 45
228.510000 277.547000 3.000000 17 45
228.551000 280.046000 3.000000 19 45
226.254000 275.683000 3.000000 21 45
227.896000 275.971000 3.000000 22 45
229.680000 275.361000 3.000000 24 45
230.072000 270.713000 3.000000 25 45
511.538000 588.231000 3.000000 10 46
511.660000 588.163000 3.000000 12 46
511.863000 587.974000 3.000000 13 46
511.457000 587.169000 3.000000 14 46
511.746000 588.186000 3.000000 15 46
511.345000 588.436000 3.000000 16 46
512.742000 588.177000 3.000000 17 46
512.442000 588.198000 3.000000 18 46
512.616000 586.949000 3.000000 19 46
513.156000 586.971000 3.000000 20 46
513.875000 585.835000 3.000000 21 46
514.001000 585.509000 3.000000 22 46
514.432000 585.272000 3.000000 23 46
515.839000 587.440000 3.000000 24 46
514.713000 584.636000 3.000000 25 46
514.523000 584.537000 3.000000 26 46
410.631000 609.139000 3.000000 12 47
410.050000 609.861000 3.000000 13 47
409.732000 610.273000 3.000000 14 47
409.479000 608.870000 3.000000 15 47
409.741000 608.985000 3.000000 16 47
410.435000 609.423000 3.000000 17 47
410.634000 609.295000 3.000000 18 47
411.406000 608.484000 3.000000 19 47
411.821000 609.439000 3.000000 20 47
409.405000 608.693000 3.000000 21 47
411.835000 609.135000 3.000000 22 47
492.159000 49.614900 3.000000 0 48
492.252000 49.024200 3.000000 1 48
492.178000 48.622100 3.000000 2 48
492.246000 48.545700 3.000000 3 48
492.320000 48.049000 3.000000 4 48
492.340000 48.063700 3.000000 5 48
492.252000 47.900400 3.000000 6 48
492.261000 47.913300 3.000000 7 48
492.433000 47.512200 3.000000 8 48
492.295000 47.273200 3.000000 9 48
492.524000 46.817100 3.000000 10 48
492.695000 46.439800 3.000000 11 48
492.626000 46.559900 3.000000 12 48
492.721000 46.576700 3.000000 13 48
492.539000 46.533700 3.000000 14 48
492.420000 46.470700 3.000000 15 48
492.604000 46.264300 3.000000 16 48
492.855000 46.217400 3.000000 17 48
492.897000 46.072900 3.000000 18 48
493.017000 45.645900 3.000000 19 48
492.986000 45.695500 3.000000 20 48
493.300000 45.322500 3.000000 21 48
493.414000 45.439900 3.000000 22 48
493.339000 45.335500 3.000000 23 48
493.455000 45.072600 3.000000 24 48
493.419000 45.095400 3.000000 25 48
493.350000 45.168900 3.000000 26 48
493.404000 45.019500 3.000000 27 48
493.334000 45.033900 3.000000 28 48
493.355000 45.084200 3.000000 29 48
498.587000 105.881000 3.000000 0 49
498.712000 105.410000 3.000000 1 49
498.717000 105.001000 3.000000 2 49
498.779000 104.916000 3.000000 3 49
498.710000 104.439000 3.000000 4 49
498.774000 104.181000 3.000000 5 49
498.761000 104.227000 3.000000 6 49
498.701000 104.192000 3.000000 7 49
498.870000 103.808000 3.000000 8 49
498.806000 103.630000 3.000000 9 49
498.999000 103.133000 3.000000 10 49
499.235000 102.744000 3.000000 11 49
499.153000 102.907000 3.000000 12 49
499.227000 102.948000 3.000000 13 49
498.991000 102.849000 3.000000 14 49
498.922000 102.892000 3.000000 15 49
499.191000 102.385000 3.000000 16 49
499.360000 102.683000 3.000000 17 49
499.345000 102.546000 3.000000 18 49
499.399000 101.978000 3.000000 19 49
499.611000 102.182000 3.000000 20 49
499.638000 101.814000 3.000000 21 49
499.682000 101.965000 3.000000 22 49
499.704000 101.922000 3.000000 23 49
499.830000 101.727000 3.000000 24 49
499.780000 101.656000 3.000000 25 49
499.672000 101.761000 3.000000 26 49
499.676000 101.619000 3.000000 27 49
499.578000 101.773000 3.000000 28 49
499.721000 101.679000 3.000000 29 49
376.096000 111.934000 3.000000 0 50
375.912000 111.362000 3.000000 1 50
376.207000 110.914000 3.000000 2 50
376.348000 110.823000 3.000000 3 50
376.322000 110.528000 3.000000 4 50
376.224000 110.273000 3.000000 5 50
376.252000 110.194000 3.000000 6 50
376.341000 110.157000 3.000000 7 50
376.388000 109.914000 3.000000 8 50
376.221000 109.468000 3.000000 9 50
376.334000 109.147000 3.000000 10 50
376.529000 108.809000 3.000000 11 50
376.484000 108.952000 3.000000 12 50
376.808000 108.835000 3.000000 13 50
376.660000 108.747000 3.000000 14 50
376.511000 108.701000 3.000000 15 50
376.503000 108.451000 3.000000 16 50
376.528000 108.426000 3.000000 17 50
376.778000 108.172000 3.000000 18 50
377.262000 107.775000 3.000000 19 50
377.240000 107.920000 3.000000 20 50
377.767000 107.564000 3.000000 21 50
377.649000 107.907000 3.000000 22 50
377.710000 107.630000 3.000000 23 50
377.645000 107.679000 3.000000 24 50
377.434000 107.288000 3.000000 25 50
377.518000 107.488000 3.000000 26 50
377.683000 107.317000 3.000000 27 50
377.493000 107.250000 3.000000 28 50
377.486000 107.240000 3.000000 29 50
587.266000 202.247000 3.000000 0 51
587.267000 201.824000 3.000000 1 51
587.233000 201.651000 3.000000 2 51
587.416000 201.197000 3.000000 3 51
587.481000 200.570000 3.000000 4 51
587.577000 200.634000 3.000000 5 51
587.245000 200.524000 3.000000 6 51
587.133000 200.580000 3.000000 7 51
587.618000 200.302000 3.000000 8 51
587.481000 199.973000 3.000000 9 51
587.631000 199.436000 3.000000 10 51
587.829000 198.978000 3.000000 11 51
587.765000 199.302000 3.000000 12 51
587.866000 199.094000 3.000000 13 51
587.760000 199.038000 3.000000 14 51
587.569000 199.217000 3.000000 15 51
587.811000 198.702000 3.000000 16 51
587.990000 198.699000 3.000000 17 51
587.951000 198.495000 3.000000 18 51
588.300000 198.243000 3.000000 19 51
588.246000 198.260000 3.000000 20 51
588.307000 197.846000 3.000000 21 51
588.324000 198.097000 3.000000 22 51
588.314000 198.087000 3.000000 23 51
588.621000 197.884000 3.000000 24 51
588.820000 197.543000 3.000000 25 51
588.427000 198.092000 3.000000 26 51
588.367000 197.635000 3.000000 27 51
588.527000 197.750000 3.000000 28 51
588.623000 198.041000 3.000000 29 51
112.078000 399.587000 3.000000 0 52
112.364000 399.192000 3.000000 1 52
112.392000 399.028000 3.000000 2 52
112.634000 399.167000 3.000000 3 52
113.295000 399.233000 3.000000 4 52
112.313000 398.740000 3.000000 5 52
112.475000 398.721000 3.000000 6 52
112.985000 399.496000 3.000000 7 52
112.875000 399.546000 3.000000 8 52
113.347000 399.319000 3.000000 9 52
113.468000 398.879000 3.000000 10 52
113.837000 398.272000 3.000000 11 52
113.755000 398.955000 3.000000 12 52
114.092000 398.937000 3.000000 13 52
114.058000 399.036000 3.000000 14 52
114.148000 399.134000 3.000000 15 52
114.247000 399.089000 3.000000 16 52
114.223000 399.646000 3.000000 17 52
114.040000 398.990000 3.000000 18 52
114.206000 398.521000 3.000000 19 52
114.348000 398.836000 3.000000 20 52
114.228000 398.269000 3.000000 21 52
114.417000 398.561000 3.000000 22 52
114.516000 398.865000 3.000000 23 52
114.481000 398.524000 3.000000 24 52
114.428000 398.584000 3.000000 25 52
115.465000 398.857000 3.000000 26 52
114.919000 398.788000 3.000000 27 52
114.473000 398.819000 3.000000 28 52
114.520000 399.218000 3.000000 29 52
492.436000 496.546000 3.000000 0 53
492.267000 495.638000 3.000000 1 53
491.566000 494.271000 3.000000 2 53
491.941000 495.462000 3.000000 3 53
492.164000 495.279000 3.000000 4 53
492.054000 494.958000 3.000000 5 53
492.253000 496.143000 3.000000 7 53
492.800000 496.528000 3.000000 8 53
492.786000 496.262000 3.000000 9 53
493.049000 496.451000 3.000000 10 53
493.632000 495.552000 3.000000 11 53
491.188000 492.051000 3.000000 12 53
492.585000 495.875000 3.000000 13 53
492.496000 496.751000 3.000000 14 53
493.895000 497.541000 3.000000 15 53
494.083000 497.986000 3.000000 16 53
491.630000 499.935000 3.000000 17 53
491.189000 499.954000 3.000000 18 53
490.990000 499.955000 3.000000 19 53
490.069000 499.801000 3.000000 20 53
492.055000 501.698000 3.000000 21 53
492.720000 502.547000 3.000000 22 53
493.268000 502.993000 3.000000 23 53
494.466000 504.623000 3.000000 25 53
494.605000 505.501000 3.000000 26 53
496.188000 506.564000 3.000000 27 53
496.507000 506.219000 3.000000 28 53
497.732000 507.092000 3.000000 29 53
498.819000 530.848000 3.000000 0 54
498.435000 530.465000 3.000000 2 54
499.352000 531.059000 3.000000 4 54
498.787000 531.009000 3.000000 5 54
498.764000 530.440000 3.000000 6 54
497.830000 528.520000 3.000000 7 54
496.535000 526.181000 3.000000 9 54
498.919000 525.668000 3.000000 10 54
497.797000 526.841000 3.000000 11 54
498.349000 527.631000 3.000000 12 54
499.146000 528.781000 3.000000 13 54
499.025000 528.668000 3.000000 14 54
498.920000 528.407000 3.000000 15 54
499.157000 528.669000 3.000000 16 54
499.430000 528.127000 3.000000 17 54
497.110000 528.499000 3.000000 18 54
492.771000 527.446000 3.000000 19 54
496.424000 529.929000 3.000000 20 54
495.527000 533.777000 3.000000 21 54
492.609000 532.406000 3.000000 22 54
493.261000 534.114000 3.000000 23 54
493.383000 532.497000 3.000000 24 54
494.075000 533.420000 3.000000 25 54
495.000000 532.645000 3.000000 26 54
496.575000 529.264000 3.000000 28 54
496.110000 529.010000 3.000000 29 54
434.467000 542.226000 3.000000 0 55
433.897000 541.505000 3.000000 1 55
433.987000 541.104000 3.000000 2 55
433.906000 541.152000 3.000000 3 55
433.680000 540.469000 3.000000 4 55
433.564000 540.957000 3.000000 5 55
433.986000 540.702000 3.000000 6 55
434.220000 541.270000 3.000000 7 55
434.067000 540.815000 3.000000 8 55
434.029000 540.974000 3.000000 9 55
434.238000 539.971000 3.000000 10 55
434.800000 539.872000 3.000000 11 55
434.932000 539.667000 3.000000 12 55
433.457000 538.507000 3.000000 13 55
435.336000 541.158000 3.000000 14 55
434.018000 542.615000 3.000000 16 55
435.046000 541.224000 3.000000 17 55
434.328000 540.962000 3.000000 18 55
434.677000 541.046000 3.000000 19 55
434.731000 540.685000 3.000000 20 55
434.863000 540.204000 3.000000 21 55
435.257000 542.345000 3.000000 22 55
435.293000 541.244000 3.000000 23 55
435.591000 540.991000 3.000000 24 55
435.524000 541.421000 3.000000 25 55
435.206000 541.487000 3.000000 26 55
435.118000 542.888000 3.000000 27 55
435.101000 541.456000 3.000000 28 55
435.316000 542.953000 3.000000 29 55
505.194000 562.269000 3.000000 0 56
504.117000 562.029000 3.000000 1 56
504.240000 562.214000 3.000000 2 56
503.686000 562.221000 3.000000 3 56
504.165000 560.420000 3.000000 4 56
505.091000 561.843000 3.000000 5 56
504.195000 560.377000 3.000000 7 56
504.080000 560.513000 3.000000 8 56
504.032000 560.469000 3.000000 9 56
505.010000 560.553000 3.000000 10 56
505.631000 560.204000 3.000000 11 56
506.180000 560.428000 3.000000 12 56
506.372000 560.011000 3.000000 13 56
505.633000 560.592000 3.000000 14 56
505.908000 561.330000 3.000000 15 56
506.366000 560.730000 3.000000 16 56
507.671000 558.336000 3.000000 17 56
508.677000 555.585000 3.000000 18 56
509.872000 554.375000 3.000000 19 56
510.118000 552.174000 3.000000 20 56
508.258000 554.415000 3.000000 21 56
508.837000 554.355000 3.000000 22 56
509.181000 553.998000 3.000000 23 56
508.041000 550.610000 3.000000 25 56
510.029000 553.170000 3.000000 27 56
509.873000 552.598000 3.000000 28 56
526.345000 566.779000 3.000000 0 57
526.107000 565.937000 3.000000 1 57
524.980000 566.698000 3.000000 2 57
524.786000 566.342000 3.000000 3 57
525.527000 566.941000 3.000000 4 57
526.434000 566.371000 3.000000 5 57
524.848000 564.778000 3.000000 6 57
524.788000 563.680000 3.000000 7 57
524.257000 563.397000 3.000000 8 57
524.765000 563.762000 3.000000 10 57
524.971000 564.465000 3.000000 11 57
525.074000 564.078000 3.000000 12 57
524.423000 563.325000 3.000000 13 57
524.073000 562.852000 3.000000 14 57
523.466000 564.092000 3.000000 15 57
524.148000 563.166000 3.000000 16 57
524.397000 564.255000 3.000000 17 57
524.077000 564.823000 3.000000 18 57
524.346000 566.394000 3.000000 20 57
524.479000 566.513000 3.000000 21 57
524.342000 566.645000 3.000000 22 57
523.828000 569.030000 3.000000 24 57
524.155000 566.786000 3.000000 25 57
524.338000 565.963000 3.000000 26 57
524.161000 565.118000 3.000000 27 57
524.763000 565.282000 3.000000 28 57
524.402000 564.738000 3.000000 29 57
408.844000 595.089000 3.000000 0 58
409.075000 594.077000 3.000000 1 58
408.531000 593.154000 3.000000 2 58
408.803000 592.835000 3.000000 3 58
408.575000 590.839000 3.000000 4 58
408.764000 590.270000 3.000000 5 58
408.111000 590.837000 3.000000 6 58
407.057000 591.859000 3.000000 7 58
407.522000 591.470000 3.000000 8 58
409.100000 589.083000 3.000000 9 58
408.632000 588.285000 3.000000 10 58
409.171000 588.368000 3.000000 11 58
408.503000 588.356000 3.000000 12 58
409.120000 588.534000 3.000000 13 58
408.446000 588.072000 3.000000 14 58
408.711000 588.057000 3.000000 15 58
408.837000 588.281000 3.000000 16 58
408.937000 588.290000 3.000000 17 58
409.301000 588.691000 3.000000 18 58
409.169000 588.004000 3.000000 19 58
409.362000 587.671000 3.000000 20 58
409.543000 587.186000 3.000000 21 58
409.729000 588.149000 3.000000 22 58
409.008000 588.817000 3.000000 23 58
408.917000 588.707000 3.000000 24 58
409.193000 588.411000 3.000000 25 58
409.035000 587.810000 3.000000 26 58
409.104000 587.210000 3.000000 27 58
409.620000 587.525000 3.000000 28 58
462.575000 597.137000 3.000000 0 59
462.595000 597.571000 3.000000 1 59
462.402000 596.778000 3.000000 2 59
462.652000 596.322000 3.000000 4 59
462.444000 595.349000 3.000000 5 59
461.993000 595.102000 3.000000 6 59
461.986000 594.755000 3.000000 7 59
461.514000 593.828000 3.000000 8 59
461.651000 593.382000 3.000000 9 59
461.392000 592.609000 3.000000 11 59
461.527000 592.686000 3.000000 12 59
461.719000 592.234000 3.000000 13 59
461.520000 592.347000 3.000000 14 59
463.840000 588.231000 3.000000 15 59
461.478000 591.589000 3.000000 16 59
462.099000 591.624000 3.000000 17 59
461.872000 591.852000 3.000000 18 59
461.915000 590.927000 3.000000 19 59
460.830000 591.821000 3.000000 20 59
461.037000 591.888000 3.000000 21 59
461.558000 591.956000 3.000000 22 59
461.809000 591.474000 3.000000 23 59
461.894000 591.138000 3.000000 24 59
466.474000 591.959000 3.000000 25 59
461.807000 590.845000 3.000000 26 59
462.689000 589.427000 3.000000 28 59
463.881000 587.621000 3.000000 29 59
509.101000 597.932000 3.000000 0 60
509.750000 598.196000 3.000000 1 60
509.108000 598.044000 3.000000 2 60
509.156000 598.156000 3.000000 3 60
509.954000 597.887000 3.000000 4 60
510.066000 597.392000 3.000000 5 60
509.557000 597.186000 3.000000 6 60
509.316000 597.411000 3.000000 7 60
508.530000 596.066000 3.000000 8 60
508.162000 596.420000 3.000000 9 60
508.391000 595.738000 3.000000 10 60
508.750000 594.104000 3.000000 11 60
508.356000 595.481000 3.000000 12 60
507.648000 595.042000 3.000000 13 60
507.493000 595.836000 3.000000 14 60
507.355000 592.348000 3.000000 15 60
507.390000 594.909000 3.000000 16 60
507.858000 594.668000 3.000000 17 60
507.393000 591.732000 3.000000 19 60
507.594000 591.850000 3.000000 20 60
508.934000 592.740000 3.000000 21 60
509.147000 593.795000 3.000000 22 60
509.215000 594.645000 3.000000 23 60
509.622000 594.074000 3.000000 24 60
511.274000 594.238000 3.000000 25 60
510.031000 594.872000 3.000000 26 60
510.545000 594.248000 3.000000 27 60
509.673000 594.016000 3.000000 28 60
509.938000 593.534000 3.000000 29 60
513.809000 624.936000 3.000000 0 61
513.912000 623.998000 3.000000 1 61
513.656000 623.656000 3.000000 2 61
513.816000 621.960000 3.000000 3 61
514.272000 621.520000 3.000000 5 61
514.004000 620.895000 3.000000 6 61
515.294000 620.559000 3.000000 7 61
515.097000 620.835000 3.000000 8 61
514.252000 619.562000 3.000000 9 61
514.489000 618.989000 3.000000 10 61
514.096000 618.559000 3.000000 11 61
515.208000 618.772000 3.000000 12 61
514.858000 619.160000 3.000000 13 61
515.665000 618.975000 3.000000 14 61
514.975000 618.700000 3.000000 15 61
514.509000 618.274000 3.000000 16 61
514.745000 618.201000 3.000000 17 61
514.522000 618.899000 3.000000 18 61
514.128000 616.934000 3.000000 19 61
514.758000 616.182000 3.000000 20 61
514.704000 615.480000 3.000000 21 61
512.969000 615.227000 3.000000 22 61
513.160000 614.789000 3.000000 23 61
514.960000 614.553000 3.000000 25 61
515.244000 614.126000 3.000000 26 61
514.268000 613.376000 3.000000 27 61
513.512000 613.122000 3.000000 28 61
512.853000 613.158000 3.000000 29 61
435.292000 630.256000 3.000000 0 62
435.948000 629.826000 3.000000 1 62
435.962000 629.005000 3.000000 2 62
435.561000 628.855000 3.000000 3 62
436.545000 628.901000 3.000000 5 62
435.507000 629.638000 3.000000 6 62
434.427000 629.994000 3.000000 7 62
435.480000 629.297000 3.000000 8 62
435.853000 628.239000 3.000000 10 62
436.239000 628.124000 3.000000 11 62
436.163000 627.709000 3.000000 12 62
436.267000 628.323000 3.000000 13 62
435.696000 628.477000 3.000000 14 62
435.467000 628.231000 3.000000 15 62
435.666000 627.727000 3.000000 16 62
435.502000 627.777000 3.000000 17 62
435.591000 627.100000 3.000000 18 62
436.451000 627.585000 3.000000 19 62
437.927000 627.731000 3.000000 20 62
437.370000 627.435000 3.000000 21 62
437.170000 628.421000 3.000000 22 62
438.213000 627.714000 3.000000 23 62
438.028000 627.063000 3.000000 24 62
437.907000 626.775000 3.000000 25 62
437.399000 626.683000 3.000000 26 62
437.231000 627.484000 3.000000 27 62
437.981000 628.010000 3.000000 28 62
437.253000 627.138000 3.000000 29 62
464.672000 637.289000 3.000000 0 63
465.150000 637.285000 3.000000 1 63
464.345000 636.858000 3.000000 2 63
464.419000 636.614000 3.000000 3 63
464.309000 635.851000 3.000000 4 63
464.313000 636.150000 3.000000 5 63
464.147000 635.803000 3.000000 6 63
463.933000 635.473000 3.000000 7 63
464.338000 635.639000 3.000000 8 63
464.404000 635.263000 3.000000 9 63
463.416000 635.533000 3.000000 10 63
463.940000 635.127000 3.000000 11 63
462.060000 636.220000 3.000000 13 63
463.805000 636.179000 3.000000 14 63
462.211000 636.064000 3.000000 15 63
465.869000 635.065000 3.000000 17 63
464.385000 635.150000 3.000000 18 63
465.184000 633.922000 3.000000 20 63
465.017000 634.049000 3.000000 21 63
464.545000 634.677000 3.000000 22 63
464.924000 634.196000 3.000000 23 63
464.060000 633.044000 3.000000 24 63
465.587000 633.390000 3.000000 25 63
465.188000 633.543000 3.000000 26 63
465.118000 633.213000 3.000000 27 63
465.404000 633.434000 3.000000 28 63
464.612000 633.573000 3.000000 29 63
422.434000 635.164000 3.000000 0 64
424.611000 632.713000 3.000000 1 64
423.076000 633.049000 3.000000 2 64
423.295000 633.575000 3.000000 3 64
423.332000 633.261000 3.000000 5 64
423.684000 633.498000 3.000000 6 64
425.257000 631.820000 3.000000 7 64
426.259000 631.486000 3.000000 8 64
426.612000 631.859000 3.000000 9 64
426.015000 631.392000 3.000000 10 64
425.875000 631.581000 3.000000 11 64
425.775000 631.240000 3.000000 12 64
425.442000 630.509000 3.000000 13 64
426.844000 630.765000 3.000000 14 64
426.787000 630.903000 3.000000 15 64
427.056000 631.131000 3.000000 16 64
427.583000 631.007000 3.000000 17 64
426.681000 629.495000 3.000000 18 64
427.266000 629.395000 3.000000 19 64
426.419000 628.550000 3.000000 20 64
428.071000 629.319000 3.000000 21 64
427.370000 628.932000 3.000000 23 64
427.347000 628.920000 3.000000 24 64
427.962000 629.005000 3.000000 25 64
428.941000 628.745000 3.000000 26 64
429.086000 628.470000 3.000000 27 64
428.188000 628.519000 3.000000 28 64
427.852000 628.709000 3.000000 29 64
109.536000 857.724000 3.000000 0 65
109.438000 857.061000 3.000000 1 65
109.389000 856.795000 3.000000 2 65
109.487000 856.533000 3.000000 3 65
109.468000 856.146000 3.000000 4 65
109.564000 856.072000 3.000000 5 65
109.695000 855.969000 3.000000 6 65
109.617000 855.984000 3.000000 7 65
109.834000 855.560000 3.000000 8 65
109.475000 855.449000 3.000000 9 65
109.587000 854.800000 3.000000 10 65
109.912000 854.557000 3.000000 11 65
110.173000 854.609000 3.000000 12 65
110.008000 854.760000 3.000000 13 65
109.736000 854.595000 3.000000 14 65
109.716000 854.625000 3.000000 15 65
109.831000 854.413000 3.000000 16 65
109.899000 854.574000 3.000000 17 65
109.892000 854.381000 3.000000 18 65
109.995000 854.037000 3.000000 19 65
110.190000 853.752000 3.000000 20 65
110.241000 853.705000 3.000000 21 65
110.291000 853.853000 3.000000 22 65
110.434000 853.732000 3.000000 23 65
110.683000 853.627000 3.000000 24 65
110.300000 853.681000 3.000000 26 65
110.594000 853.496000 3.000000 28 65
462.269000 427.965000 3.000000 1 66
462.600000 426.974000 3.000000 3 66
461.249000 431.332000 3.000000 4 66
461.768000 431.453000 3.000000 5 66
461.870000 431.530000 3.000000 6 66
462.753000 430.922000 3.000000 7 66
462.065000 432.606000 3.000000 8 66
462.581000 433.207000 3.000000 9 66
462.736000 434.168000 3.000000 10 66
462.936000 432.487000 3.000000 11 66
462.879000 432.808000 3.000000 12 66
463.016000 433.971000 3.000000 13 66
463.112000 431.878000 3.000000 14 66
463.179000 433.374000 3.000000 15 66
462.919000 434.287000 3.000000 16 66
462.577000 436.176000 3.000000 18 66
462.787000 435.791000 3.000000 19 66
461.894000 437.749000 3.000000 20 66
462.849000 437.978000 3.000000 21 66
462.964000 437.896000 3.000000 22 66
463.352000 438.785000 3.000000 23 66
464.714000 438.564000 3.000000 24 66
465.095000 439.228000 3.000000 25 66
463.977000 440.685000 3.000000 26 66
465.140000 441.930000 3.000000 27 66
465.003000 443.033000 3.000000 28 66
465.853000 443.704000 3.000000 29 66
504.352000 490.239000 3.000000 1 67
502.911000 491.134000 3.000000 2 67
504.447000 495.799000 3.000000 4 67
504.136000 495.195000 3.000000 5 67
507.290000 496.497000 3.000000 6 67
507.565000 496.302000 3.000000 7 67
506.412000 496.814000 3.000000 8 67
507.063000 495.185000 3.000000 9 67
507.216000 495.099000 3.000000 10 67
507.520000 494.093000 3.000000 11 67
507.388000 494.563000 3.000000 12 67
508.129000 494.403000 3.000000 13 67
506.667000 494.022000 3.000000 14 67
507.025000 493.375000 3.000000 15 67
505.099000 492.293000 3.000000 16 67
505.034000 492.209000 3.000000 17 67
504.947000 491.438000 3.000000 19 67
505.674000 492.160000 3.000000 20 67
505.555000 491.907000 3.000000 21 67
505.806000 492.865000 3.000000 22 67
507.617000 493.638000 3.000000 23 67
507.994000 494.249000 3.000000 24 67
508.085000 493.304000 3.000000 25 67
507.757000 493.018000 3.000000 26 67
507.947000 492.563000 3.000000 27 67
507.720000 492.666000 3.000000 28 67
507.364000 492.855000 3.000000 29 67
538.760000 615.922000 3.000000 1 68
538.235000 616.976000 3.000000 2 68
538.325000 616.218000 3.000000 3 68
539.998000 613.653000 3.000000 4 68
539.324000 615.862000 3.000000 5 68
538.847000 617.078000 3.000000 6 68
538.780000 616.966000 3.000000 7 68
538.253000 618.253000 3.000000 8 68
537.842000 616.529000 3.000000 9 68
537.970000 613.768000 3.000000 11 68
537.795000 615.592000 3.000000 12 68
537.692000 614.949000 3.000000 13 68
537.754000 614.912000 3.000000 14 68
538.276000 615.033000 3.000000 15 68
538.291000 614.857000 3.000000 16 68
539.566000 614.487000 3.000000 17 68
540.053000 615.257000 3.000000 18 68
539.843000 614.695000 3.000000 20 68
539.930000 613.501000 3.000000 21 68
540.171000 612.340000 3.000000 22 68
539.472000 611.982000 3.000000 23 68
538.164000 611.479000 3.000000 24 68
537.512000 610.670000 3.000000 25 68
537.697000 610.145000 3.000000 26 68
537.205000 609.584000 3.000000 27 68
537.019000 608.043000 3.000000 28 68
537.032000 608.118000 3.000000 29 68
494.672000 523.398000 3.000000 2 69
494.078000 523.762000 3.000000 3 69
493.097000 519.478000 3.000000 4 69
493.369000 523.443000 3.000000 5 69
493.187000 522.832000 3.000000 6 69
492.224000 522.201000 3.000000 7 69
492.841000 521.724000 3.000000 8 69
492.729000 521.269000 3.000000 10 69
492.914000 520.713000 3.000000 11 69
492.558000 521.553000 3.000000 12 69
492.512000 521.224000 3.000000 13 69
491.647000 522.074000 3.000000 14 69
491.566000 520.036000 3.000000 15 69
491.986000 519.785000 3.000000 16 69
490.582000 521.380000 3.000000 17 69
490.998000 519.032000 3.000000 18 69
491.155000 519.324000 3.000000 19 69
491.449000 519.690000 3.000000 20 69
491.747000 519.759000 3.000000 22 69
491.710000 519.859000 3.000000 23 69
492.165000 519.678000 3.000000 24 69
493.100000 519.937000 3.000000 25 69
493.425000 520.396000 3.000000 26 69
494.060000 520.165000 3.000000 27 69
494.301000 520.765000 3.000000 28 69
495.123000 521.007000 3.000000 29 69
502.441000 506.602000 3.000000 5 70
502.892000 507.054000 3.000000 6 70
502.820000 506.845000 3.000000 7 70
502.674000 506.233000 3.000000 8 70
501.767000 505.680000 3.000000 9 70
503.409000 505.611000 3.000000 11 70
504.056000 506.782000 3.000000 12 70
503.774000 507.258000 3.000000 13 70
503.323000 507.243000 3.000000 14 70
503.364000 507.003000 3.000000 15 70
504.008000 506.631000 3.000000 16 70
505.321000 506.809000 3.000000 17 70
505.002000 506.537000 3.000000 18 70
506.128000 506.569000 3.000000 19 70
506.023000 506.788000 3.000000 20 70
505.341000 507.970000 3.000000 21 70
505.292000 508.246000 3.000000 22 70
505.095000 508.249000 3.000000 23 70
504.899000 509.551000 3.000000 24 70
504.914000 509.518000 3.000000 25 70
504.617000 509.325000 3.000000 26 70
504.671000 509.285000 3.000000 27 70
504.634000 509.379000 3.000000 28 70
504.685000 509.626000 3.000000 29 70
478.902000 520.747000 3.000000 6 71
479.370000 520.947000 3.000000 7 71
479.698000 521.620000 3.000000 8 71
480.277000 520.816000 3.000000 10 71
480.489000 520.369000 3.000000 11 71
480.766000 520.172000 3.000000 12 71
479.755000 520.088000 3.000000 13 71
479.280000 521.105000 3.000000 14 71
479.241000 521.202000 3.000000 15 71
479.465000 520.374000 3.000000 16 71
480.051000 520.252000 3.000000 17 71
480.796000 518.510000 3.000000 18 71
480.227000 516.885000 3.000000 19 71
480.489000 516.075000 3.000000 20 71
480.194000 515.506000 3.000000 21 71
480.624000 516.436000 3.000000 22 71
481.418000 517.396000 3.000000 23 71
482.307000 517.941000 3.000000 24 71
482.566000 517.992000 3.000000 25 71
482.759000 517.928000 3.000000 26 71
482.725000 517.985000 3.000000 27 71
482.965000 517.182000 3.000000 28 71
483.234000 518.432000 3.000000 29 71
525.341000 596.626000 3.000000 6 72
525.605000 596.530000 3.000000 8 72
525.507000 596.755000 3.000000 10 72
525.621000 595.804000 3.000000 12 72
525.846000 596.192000 3.000000 13 72
526.397000 596.574000 3.000000 14 72
526.105000 596.560000 3.000000 15 72
526.115000 595.642000 3.000000 16 72
526.698000 596.101000 3.000000 17 72
525.270000 597.319000 3.000000 18 72
526.130000 595.107000 3.000000 19 72
524.625000 594.972000 3.000000 20 72
523.155000 594.632000 3.000000 21 72
523.362000 595.069000 3.000000 22 72
522.372000 594.822000 3.000000 23 72
521.863000 594.467000 3.000000 24 72
521.947000 594.091000 3.000000 25 72
521.821000 594.042000 3.000000 26 72
521.835000 593.454000 3.000000 27 72
521.508000 593.304000 3.000000 28 72
522.119000 592.925000 3.000000 29 72
464.102000 421.517000 3.000000 7 73
466.601000 421.767000 3.000000 8 73
462.548000 421.137000 3.000000 9 73
463.035000 420.690000 3.000000 10 73
463.698000 420.470000 3.000000 11 73
463.382000 421.625000 3.000000 13 73
462.380000 421.626000 3.000000 14 73
461.062000 425.660000 3.000000 15 73
459.006000 427.241000 3.000000 17 73
459.437000 427.682000 3.000000 18 73
459.459000 427.659000 3.000000 19 73
459.061000 428.600000 3.000000 20 73
459.568000 428.543000 3.000000 21 73
460.136000 428.987000 3.000000 22 73
460.201000 428.956000 3.000000 23 73
460.546000 427.319000 3.000000 24 73
460.612000 427.033000 3.000000 25 73
462.482000 429.019000 3.000000 27 73
463.104000 428.969000 3.000000 28 73
463.685000 430.822000 3.000000 29 73
443.981000 486.931000 3.000000 9 74
444.095000 486.961000 3.000000 10 74
444.828000 486.960000 3.000000 12 74
445.642000 487.893000 3.000000 13 74
445.970000 487.303000 3.000000 14 74
446.180000 487.981000 3.000000 15 74
446.559000 487.714000 3.000000 16 74
447.019000 488.175000 3.000000 17 74
447.881000 488.849000 3.000000 18 74
447.338000 487.532000 3.000000 19 74
447.090000 486.653000 3.000000 20 74
448.177000 487.632000 3.000000 21 74
448.443000 487.885000 3.000000 22 74
448.558000 488.352000 3.000000 24 74
448.850000 488.746000 3.000000 25 74
447.771000 489.706000 3.000000 26 74
447.780000 489.481000 3.000000 27 74
448.210000 489.913000 3.000000 28 74
448.188000 488.855000 3.000000 29 74
549.645000 536.601000 3.000000 9 75
551.714000 535.910000 3.000000 10 75
549.737000 537.177000 3.000000 11 75
548.249000 535.741000 3.000000 12 75
546.693000 534.317000 3.000000 13 75
544.723000 534.108000 3.000000 14 75
544.987000 533.544000 3.000000 15 75
544.897000 533.304000 3.000000 16 75
544.693000 533.012000 3.000000 17 75
545.009000 533.187000 3.000000 18 75
543.763000 533.172000 3.000000 19 75
542.222000 531.401000 3.000000 20 75
543.358000 533.911000 3.000000 22 75
543.910000 532.202000 3.000000 24 75
541.955000 531.612000 3.000000 26 75
541.198000 531.023000 3.000000 27 75
541.269000 531.134000 3.000000 29 75
368.395000 283.971000 3.000000 10 76
368.469000 283.822000 3.000000 11 76
368.582000 283.711000 3.000000 12 76
368.120000 283.264000 3.000000 13 76
368.465000 283.713000 3.000000 14 76
368.325000 283.913000 3.000000 15 76
368.620000 283.645000 3.000000 16 76
368.723000 283.470000 3.000000 17 76
368.576000 283.176000 3.000000 18 76
368.739000 282.932000 3.000000 19 76
368.846000 283.122000 3.000000 20 76
368.760000 282.567000 3.000000 21 76
368.806000 282.793000 3.000000 22 76
368.889000 282.821000 3.000000 23 76
369.026000 282.692000 3.000000 24 76
369.009000 282.633000 3.000000 25 76
368.762000 282.716000 3.000000 26 76
368.512000 282.677000 3.000000 27 76
368.817000 282.493000 3.000000 29 76
518.795000 582.562000 3.000000 10 77
519.214000 581.639000 3.000000 11 77
518.952000 582.194000 3.000000 12 77
518.296000 582.352000 3.000000 13 77
518.259000 582.732000 3.000000 14 77
518.537000 581.994000 3.000000 15 77
522.902000 579.955000 3.000000 17 77
524.119000 578.989000 3.000000 19 77
523.146000 578.867000 3.000000 20 77
521.923000 579.016000 3.000000 21 77
520.380000 579.595000 3.000000 23 77
520.795000 578.561000 3.000000 25 77
519.105000 579.989000 3.000000 26 77
519.025000 579.131000 3.000000 27 77
520.791000 577.543000 3.000000 28 77
520.442000 578.042000 3.000000 29 77
219.302000 290.465000 3.000000 11 78
216.199000 287.660000 3.000000 13 78
220.158000 287.647000 3.000000 15 78
216.135000 289.904000 3.000000 16 78
215.787000 289.152000 3.000000 18 78
213.684000 289.790000 3.000000 19 78
215.949000 289.651000 3.000000 21 78
216.555000 284.824000 3.000000 22 78
213.815000 286.498000 3.000000 23 78
217.646000 285.706000 3.000000 25 78
215.959000 281.757000 3.000000 27 78
213.819000 278.747000 3.000000 29 78
354.010000 510.210000 3.000000 12 79
354.010000 510.566000 3.000000 13 79
354.245000 510.173000 3.000000 14 79
354.396000 510.626000 3.000000 15 79
354.719000 510.309000 3.000000 16 79
354.694000 511.522000 3.000000 17 79
354.791000 512.336000 3.000000 18 79
354.477000 512.605000 3.000000 19 79
354.838000 513.221000 3.000000 20 79
354.959000 514.016000 3.000000 21 79
354.828000 514.261000 3.000000 23 79
353.262000 513.880000 3.000000 24 79
355.591000 513.172000 3.000000 25 79
355.296000 512.985000 3.000000 26 79
357.124000 515.626000 3.000000 27 79
356.626000 515.092000 3.000000 28 79
357.030000 515.289000 3.000000 29 79
556.633000 572.302000 3.000000 12 80
552.799000 575.055000 3.000000 13 80
552.271000 576.568000 3.000000 14 80
551.711000 575.383000 3.000000 15 80
554.939000 577.202000 3.000000 16 80
555.175000 576.050000 3.000000 18 80
555.032000 576.315000 3.000000 19 80
554.941000 578.235000 3.000000 20 80
554.623000 577.076000 3.000000 21 80
554.622000 577.535000 3.000000 22 80
555.858000 576.236000 3.000000 24 80
554.091000 575.455000 3.000000 25 80
552.942000 576.492000 3.000000 26 80
553.433000 576.050000 3.000000 27 80
551.909000 575.144000 3.000000 28 80
552.676000 575.224000 3.000000 29 80
401.473000 489.920000 3.000000 13 81
402.159000 494.284000 3.000000 14 81
401.458000 496.533000 3.000000 15 81
401.065000 499.453000 3.000000 16 81
401.234000 500.965000 3.000000 17 81
401.414000 501.894000 3.000000 18 81
400.595000 504.309000 3.000000 19 81
400.420000 505.816000 3.000000 20 81
400.504000 507.732000 3.000000 21 81
399.859000 509.282000 3.000000 22 81
399.503000 510.567000 3.000000 23 81
399.593000 510.683000 3.000000 24 81
399.437000 511.237000 3.000000 25 81
398.879000 512.449000 3.000000 26 81
398.886000 513.077000 3.000000 27 81
398.687000 514.973000 3.000000 28 81
398.458000 515.355000 3.000000 29 81
339.415000 506.358000 3.000000 13 82
340.036000 505.749000 3.000000 14 82
340.156000 504.907000 3.000000 15 82
339.381000 504.718000 3.000000 16 82
340.783000 506.163000 3.000000 18 82
341.079000 505.781000 3.000000 19 82
340.567000 505.832000 3.000000 20 82
341.686000 505.150000 3.000000 21 82
341.480000 505.102000 3.000000 22 82
341.648000 504.982000 3.000000 23 82
341.877000 505.602000 3.000000 24 82
341.698000 505.380000 3.000000 25 82
341.683000 505.332000 3.000000 26 82
342.061000 505.163000 3.000000 27 82
342.964000 504.911000 3.000000 28 82
375.129000 477.890000 3.000000 14 83
374.706000 478.550000 3.000000 15 83
374.551000 479.979000 3.000000 16 83
374.446000 481.479000 3.000000 17 83
373.983000 482.595000 3.000000 18 83
374.065000 483.522000 3.000000 19 83
373.030000 485.178000 3.000000 20 83
372.553000 486.175000 3.000000 21 83
372.401000 486.638000 3.000000 22 83
372.029000 487.648000 3.000000 23 83
371.567000 488.262000 3.000000 24 83
371.002000 489.459000 3.000000 25 83
370.273000 491.365000 3.000000 26 83
370.138000 492.266000 3.000000 27 83
369.580000 493.905000 3.000000 28 83
367.895000 496.178000 3.000000 29 83
201.378000 292.455000 3.000000 15 84
201.658000 295.491000 3.000000 17 84
201.465000 296.518000 3.000000 19 84
203.734000 296.685000 3.000000 20 84
204.677000 294.687000 3.000000 21 84
205.450000 292.558000 3.000000 22 84
203.035000 296.014000 3.000000 23 84
201.910000 293.811000 3.000000 25 84
205.141000 293.733000 3.000000 26 84
202.185000 291.739000 3.000000 27 84
202.261000 292.239000 3.000000 28 84
515.507000 420.580000 3.000000 15 85
515.477000 420.441000 3.000000 16 85
515.800000 420.479000 3.000000 17 85
515.766000 419.862000 3.000000 19 85
515.862000 419.957000 3.000000 20 85
515.914000 419.815000 3.000000 22 85
514.372000 418.618000 3.000000 23 85
515.867000 419.454000 3.000000 25 85
515.970000 419.523000 3.000000 26 85
515.981000 419.339000 3.000000 27 85
515.896000 419.557000 3.000000 28 85
515.900000 419.431000 3.000000 29 85
473.835000 478.911000 3.000000 15 86
471.030000 478.734000 3.000000 17 86
470.932000 476.564000 3.000000 18 86
472.077000 479.027000 3.000000 19 86
471.465000 477.588000 3.000000 20 86
471.647000 477.801000 3.000000 21 86
471.337000 475.080000 3.000000 22 86
470.410000 479.916000 3.000000 23 86
472.314000 479.643000 3.000000 24 86
472.420000 481.100000 3.000000 26 86
473.012000 482.290000 3.000000 27 86
471.871000 480.096000 3.000000 28 86
473.773000 484.593000 3.000000 29 86
546.343000 577.111000 3.000000 15 87
545.684000 575.005000 3.000000 16 87
546.664000 575.494000 3.000000 17 87
546.943000 577.578000 3.000000 18 87
548.078000 578.334000 3.000000 19 87
548.314000 579.089000 3.000000 20 87
547.572000 579.143000 3.000000 21 87
547.167000 578.266000 3.000000 22 87
546.799000 577.602000 3.000000 23 87
546.288000 576.643000 3.000000 24 87
546.025000 575.923000 3.000000 25 87
545.560000 576.242000 3.000000 26 87
545.170000 576.360000 3.000000 27 87
543.232000 575.240000 3.000000 28 87
543.031000 575.285000 3.000000 29 87
480.551000 663.766000 3.000000 15 88
481.655000 666.601000 3.000000 16 88
482.221000 664.826000 3.000000 17 88
481.401000 663.140000 3.000000 18 88
482.228000 660.856000 3.000000 19 88
482.812000 661.786000 3.000000 20 88
484.706000 660.614000 3.000000 21 88
484.085000 660.251000 3.000000 22 88
483.558000 658.678000 3.000000 23 88
483.321000 661.044000 3.000000 24 88
483.849000 661.173000 3.000000 25 88
483.556000 662.011000 3.000000 26 88
483.475000 662.468000 3.000000 27 88
484.352000 662.395000 3.000000 28 88
483.404000 663.176000 3.000000 29 88
377.443000 627.629000 3.000000 16 89
375.197000 630.371000 3.000000 17 89
376.124000 629.394000 3.000000 18 89
374.072000 626.115000 3.000000 19 89
375.088000 627.420000 3.000000 20 89
374.072000 626.924000 3.000000 21 89
373.823000 626.940000 3.000000 22 89
373.887000 627.268000 3.000000 23 89
373.311000 626.944000 3.000000 24 89
374.063000 627.397000 3.000000 25 89
374.766000 626.608000 3.000000 26 89
374.702000 626.297000 3.000000 27 89
375.091000 626.345000 3.000000 28 89
520.334000 537.227000 3.000000 17 90
521.036000 538.106000 3.000000 18 90
521.099000 537.788000 3.000000 19 90
520.928000 537.551000 3.000000 20 90
521.104000 537.726000 3.000000 21 90
521.399000 539.134000 3.000000 22 90
520.654000 538.539000 3.000000 23 90
520.838000 538.494000 3.000000 24 90
520.383000 538.758000 3.000000 25 90
519.977000 538.985000 3.000000 26 90
522.722000 539.599000 3.000000 27 90
520.980000 539.016000 3.000000 28 90
521.922000 539.270000 3.000000 29 90
467.127000 482.558000 3.000000 18 91
467.716000 482.615000 3.000000 19 91
464.273000 482.809000 3.000000 20 91
467.663000 483.521000 3.000000 21 91
468.261000 484.180000 3.000000 22 91
469.909000 482.992000 3.000000 23 91
467.548000 486.170000 3.000000 24 91
467.149000 486.574000 3.000000 25 91
467.719000 486.254000 3.000000 26 91
466.234000 489.472000 3.000000 28 91
468.104000 489.827000 3.000000 29 91
418.544000 646.472000 3.000000 18 92
420.502000 648.320000 3.000000 19 92
421.274000 647.779000 3.000000 20 92
423.128000 649.094000 3.000000 21 92
422.759000 648.358000 3.000000 22 92
420.991000 647.771000 3.000000 23 92
421.273000 649.564000 3.000000 24 92
422.751000 649.260000 3.000000 25 92
424.151000 649.691000 3.000000 27 92
423.945000 649.497000 3.000000 28 92
423.423000 648.199000 3.000000 29 92
